175.0 5.95833E-01
176.0 1.32917E+00
177.0 2.16250E+00
178.0 2.92917E+00
179.0 3.59583E+00
180.0 4.06250E+00
181.0 4.66250E+00
182.0 5.22917E+00
183.0 5.92917E+00
184.0 5.99583E+00
185.0 6.76250E+00
186.0 6.96250E+00
187.0 7.02917E+00
188.0 7.56250E+00
189.0 8.46250E+00
190.0 8.66250E+00
191.0 9.76250E+00
192.0 1.03625E+01
193.0 1.07625E+01
194.0 1.11625E+01
195.0 1.12958E+01
196.0 1.08292E+01
197.0 9.92917E+00
198.0 7.42917E+00
199.0 4.79583E+00
200.0 2.36250E+00
201.0 3.62500E-01
202.0 -1.70417E+00
203.0 -3.97083E+00
204.0 -5.87083E+00
205.0 -7.63750E+00
206.0 -9.20417E+00
207.0 -1.03042E+01
208.0 -1.09042E+01
209.0 -1.09708E+01
210.0 -1.09375E+01
211.0 -1.08375E+01
212.0 -1.07708E+01
213.0 -1.08708E+01
214.0 -1.09375E+01
215.0 -1.13708E+01
216.0 -1.16042E+01
217.0 -1.19375E+01
218.0 -1.24375E+01
219.0 -1.28042E+01
220.0 -1.27375E+01
221.0 -1.30042E+01
222.0 -1.30375E+01
223.0 -1.30042E+01
224.0 -1.30042E+01
225.0 -1.23375E+01
226.0 -1.20708E+01
227.0 -1.13708E+01
228.0 -1.04708E+01
229.0 -9.30417E+00
230.0 -8.50417E+00
231.0 -7.43750E+00
232.0 -6.33750E+00
233.0 -5.10417E+00
234.0 -4.43750E+00
235.0 -3.70417E+00
236.0 -3.13750E+00
237.0 -2.43750E+00
238.0 -2.30417E+00
239.0 -1.60417E+00
240.0 -1.63750E+00
241.0 -1.47083E+00
242.0 -1.07083E+00
243.0 -9.37500E-01
244.0 -7.04167E-01
245.0 -6.37500E-01
246.0 -6.37500E-01
247.0 -5.04167E-01
248.0 -5.04167E-01
249.0 -3.70833E-01
250.0 -4.70833E-01