180.0 -5.56522E+00
181.0 -5.02922E+00
182.0 -4.22722E+00
183.0 -3.63167E+00
184.0 -2.44378E+00
185.0 -1.59611E+00
186.0 -4.48889E-01
187.0 9.20889E-01
188.0 1.92067E+00
189.0 3.02167E+00
190.0 3.98700E+00
191.0 4.86811E+00
192.0 5.69533E+00
193.0 6.17189E+00
194.0 6.60778E+00
195.0 6.92056E+00
196.0 6.91678E+00
197.0 6.22589E+00
198.0 5.56178E+00
199.0 4.64444E+00
200.0 3.42400E+00
201.0 2.03644E+00
202.0 7.59556E-01
203.0 -1.11222E-01
204.0 -1.01000E+00
205.0 -1.33456E+00
206.0 -2.06089E+00
207.0 -2.25444E+00
208.0 -2.48522E+00
209.0 -2.59211E+00
210.0 -2.72933E+00
211.0 -2.91767E+00
212.0 -2.92778E+00
213.0 -2.87489E+00
214.0 -2.85633E+00
215.0 -2.93322E+00
216.0 -2.75244E+00
217.0 -2.82322E+00
218.0 -2.55578E+00
219.0 -2.35933E+00
220.0 -2.13478E+00
221.0 -1.92711E+00
222.0 -1.75844E+00
223.0 -1.44678E+00
224.0 -1.28156E+00
225.0 -1.05178E+00
226.0 -7.18667E-01
227.0 -5.99000E-01
228.0 -2.21778E-01
229.0 2.12222E-02
230.0 3.14444E-02
231.0 4.45111E-01
232.0 4.41444E-01
233.0 5.95333E-01
234.0 6.32444E-01
235.0 6.59222E-01
236.0 7.81000E-01
237.0 6.12111E-01
238.0 7.23333E-01
239.0 6.24111E-01
240.0 6.28889E-01
241.0 7.12444E-01
242.0 6.63111E-01
243.0 8.17111E-01
244.0 6.81556E-01
245.0 6.66778E-01
246.0 7.64889E-01
247.0 7.19667E-01
248.0 6.55778E-01
249.0 6.72333E-01
250.0 8.26333E-01