185.0 -3.66910E+04
186.0 -3.75820E+04
187.0 -3.90340E+04
188.0 -4.33940E+04
189.0 -4.21210E+04
190.0 -4.37350E+04
191.0 -4.34890E+04
192.0 -4.39520E+04
193.0 -4.52230E+04
194.0 -4.29110E+04
195.0 -4.16150E+04
196.0 -4.12700E+04
197.0 -3.70440E+04
198.0 -3.53410E+04
199.0 -3.17060E+04
200.0 -2.94170E+04
201.0 -2.67080E+04
202.0 -2.31830E+04
203.0 -2.06480E+04
204.0 -1.79880E+04
205.0 -1.53220E+04
206.0 -1.38080E+04
207.0 -1.10650E+04
208.0 -9.19000E+03
209.0 -8.40900E+03
210.0 -6.38500E+03
211.0 -5.86200E+03
212.0 -4.72600E+03
213.0 -4.30000E+03
214.0 -2.60100E+03
215.0 -2.22500E+03
216.0 -2.21400E+03
217.0 -1.67300E+03
218.0 -6.40000E+02
219.0 1.36000E+02
220.0 -6.54000E+02
221.0 -8.75000E+02
222.0 -3.19000E+02
223.0 1.41000E+02
224.0 4.23000E+02
225.0 -6.20000E+01
226.0 -6.40000E+01
227.0 2.40000E+02
228.0 1.07000E+02
229.0 2.42000E+02
230.0 -2.17000E+02
231.0 1.42000E+02
232.0 4.10000E+01
233.0 3.12000E+02
234.0 6.72000E+02
235.0 8.50000E+01
236.0 3.22000E+02
237.0 5.15000E+02
238.0 1.98000E+02
239.0 2.66000E+02
240.0 5.29000E+02
241.0 4.58000E+02
242.0 2.96000E+02
243.0 5.32000E+02
244.0 3.22000E+02
245.0 4.66000E+02
246.0 4.39000E+02
247.0 7.29000E+02
248.0 1.07700E+03
249.0 1.16200E+03
250.0 7.60000E+02