175.0 -1.13027E+01
176.0 -1.10360E+01
177.0 -1.09027E+01
178.0 -1.05693E+01
179.0 -9.30267E+00
180.0 -8.90267E+00
181.0 -7.80267E+00
182.0 -6.36933E+00
183.0 -4.80267E+00
184.0 -3.63600E+00
185.0 -2.10267E+00
186.0 -1.03600E+00
187.0 3.64000E-01
188.0 8.30667E-01
189.0 1.26400E+00
190.0 1.83067E+00
191.0 2.53067E+00
192.0 2.13067E+00
193.0 1.19733E+00
194.0 -8.69333E-01
195.0 -3.40267E+00
196.0 -6.76933E+00
197.0 -1.08360E+01
198.0 -1.51027E+01
199.0 -1.85360E+01
200.0 -2.18027E+01
201.0 -2.37693E+01
202.0 -2.44360E+01
203.0 -2.34693E+01
204.0 -2.11027E+01
205.0 -1.80027E+01
206.0 -1.46027E+01
207.0 -1.14027E+01
208.0 -8.73600E+00
209.0 -6.86933E+00
210.0 -5.13600E+00
211.0 -4.13600E+00
212.0 -3.46933E+00
213.0 -3.33600E+00
214.0 -3.26933E+00
215.0 -3.83600E+00
216.0 -4.33600E+00
217.0 -5.40267E+00
218.0 -6.23600E+00
219.0 -7.16933E+00
220.0 -8.20267E+00
221.0 -9.23600E+00
222.0 -1.00693E+01
223.0 -1.07027E+01
224.0 -1.10693E+01
225.0 -1.13360E+01
226.0 -1.11360E+01
227.0 -1.09693E+01
228.0 -1.03360E+01
229.0 -9.66933E+00
230.0 -8.96933E+00
231.0 -7.93600E+00
232.0 -6.96933E+00
233.0 -5.96933E+00
234.0 -4.96933E+00
235.0 -4.06933E+00
236.0 -3.40267E+00
237.0 -2.73600E+00
238.0 -2.50267E+00
239.0 -2.13600E+00
240.0 -1.90267E+00